18227
62570
17082
92510
278
47833
72404
88331
99596
41138
45259
27985
69393
23062
98240
40106
68152
14454
88987
68725
60291
47992
29041
9965
9906
31780
76844
4997
11679
98279
51895
22378
65347
57669
31279
9478
54651
79244
23021
37307
8002
67687
50188
85227
41836
27720
31626
59577
78505
35809
18781
89855
82166
26854
47856
42636
359
77668
686
53969
43544
65977
4982
86494
27116
53962
43304
87647
18797
51708
97345
30392
78541
42895
68996
76628
94157
21610
25072
37830
60015
81585
51487
65778
53470
86366
87002
55930
2528
24692
17910
76950
84701
92932
63335
93079
47299
85568
2150
72716
39442
75964
1979
56532
20112
34517
6851
17535
71936
6601
75473
90296
89397
54429
64922
93201
58793
73937
23060
41704
61973
21978
33359
94345
16213
78063
82876
54319
79910
51514
31052
78137
50957
38101
36557
18443
92556
3669
89192
82638
79879
50600
79919
61653
32764
21433
52275
2970
78347
55677
88335
84543
93158
67274
45309
58631
36815
45288
46889
74885
91759
14852
97470
54808
47712
94963
69933
66296
94467
5544
98110
30705
55935
92176
33811
14886
29860
32578
85220
39443
47160
86207
48884
27242
42851
80300
54256
3920
47873
75283
46488
95457
14041
22560
35469
25622
82866
98215
77041
24590
75621
39114
30408
46425
97386
6387
88665
60604
49873
1066
93923
25789
17246
82663
60734
61
64403
66218
44503
23135
90331
24624
44295
49731
85122
50371
3686
6534
75652
51262
45760
61397
1824
24246
64150
34905
82474
84288
62949
31798
27283
73374
95929
61301
56266
10025
20031
67007
3799
89205
30923
97945
82450
15196
42162
52808
51136
61306
82228
58094
28023
677
67342
98155
50239
36721
77739
30576
55075
73603
5546
83399
96091
62459
11810
48289
78378
13233
32820
38250
34996
4841
6333
51591
41379
91752
90411
33204
87691
70911
4825
61838
75807
34980
8217
17824
13506
18281
25103
5389
42483
45549
51563
88379
63131
6713
82297
80884
33014
62523
90521
61877
67437
5888
90671
72829
62127
62544
58981
87010
99947
18596
90297
66820
6549
18285
64056
95137
53911
25870
76318
21280
33262
38084
11925
4252
92573
2106
7703
74975
28394
79514
94746
69514
12013
36938
4999
58029
48366
98396
68647
41931
76020
68987
97661
77814
42720
92552
9519
723
51076
13853
78
92128
60036
20494
97178
65676
86564
50246
21971
48163
92353
97416
90581
42860
31557
48991
81745
41760
43937
82438
82768
76437
53018
46442
52291
58085
60266
54127
55498
25813
76535
67930
64761
28953
5121
95758
42357
70063
88511
60008
2692
66688
44084
39327
21952
10739
70641
55300
49388
38525
20297
54617
95355
55730
19339
83268
55750
72026
42914
94367
99738
11069
46070
71837
66666
86713
88793
72869
79100
79656
60324
29556
28268
9503
85790
15114
30148
82337
5360
49974
53840
90401
56926
60448
59370
46568
32235
40599
12166
49941
23443
42045
79502
44224
87792
48454
54619
87492
26953
40727
31161
3202
54408
4170
32060
79846
20034
5036
6502
86590
18932
68272
47145
23234
45482
8234
47779
85247
8400
41320
74178
34230
38211
53951
34643
41991
75689
20997
27712
11545
14059
71175
33511
23077
73780
48723
7330
91997
21398
20499
45771
98749
34729
79152
92588
45840
95329
63948
29896
46587
98836
3697
16773
68840
97740
58163
16390
71743
17945
19191
66138
5106
87917
15737
75777
28236
70237
27544
59599
31599
8457
72433
96615
50268
85489
55980
87587
8322
81506
37937
72327
33738
55297
18116
90643
77545
8465
50655
62529
27300
90989
77896
2990
4227
13791
66208
31584
38091
36491
7266
8994
2823
88169
43849
50224
84498
76178
66267
46093
18403
92256
45698
50386
72217
75557
63951
41623
28881
27742
27676
50196
61634
25609
7459
14609
61693
50335
85131
90889
28074
67823
30730
66147
42123
13385
31726
19743
92531
99733
27542
21362
4668
11422
4320
72846
15617
19060
96539
76674
87846
82129
57392
52271
57430
68138
46540
45301
14248
56026
17434
44448
40528
27321
9684
8865
90980
1190
3867
78664
75556
28550
68576
55899
23499
2355
48109
76431
73337
84944
72814
86794
38114
82538
78052
6855
67768
41949
17293
45887
37889
56573
86922
27608
71945
29307
14058
65182
93009
10740
22733
79606
50506
34261
86345
8904
47540
83734
65047
88242
79332
98714
47634
4341
56176
28132
48254
11238
77860
5156
64119
17186
62056
86516
46239
48139
49232
52802
78833
48477
28287
68865
87091
5296
69916
17566
48429
96151
46122
54909
96717
2757
28244
78985
37373
49128
97101
66951
73071
50822
53896
24051
37789
40799
12290
54335
39039
57639
25960
70418
81944
66235
68937
29996
68938
25597
86889
79589
66606
96424
93860
52041
89189
92755
76350
40983
23942
71777
70557
53967
67131
83347
17209
73818
26332
20073
46609
5089
35417
57233
94133
54096
91798
49318
19179
67414
12828
85396
21084
14255
30158
89476
86466
43272
54740
83235
90161
89114
61319
51786
84209
76044
29716
88073
26494
41764
81374
89289
12964
31615
22297
832
52988
61530
94156
96467
29696
26136
98325
28068
34530
46204
19404
12319
2803
92836
32289
2595
3527
10307
96668
53841
32521
32673
66520
27829
64146
70149
22252
8533
73572
62119
48311
63670
10545
45298
16920
57787
16811
27206
67311
40318
29889
68021
81371
62901
13819
16661
7075
28684
39594
91676
454
99121
83108
17748
17682
79944
67759
36492
22488
29616
33096
78290
50232
24281
27215
46770
82957
36184
4968
34326
96700
74132
44705
53724
31759
75766
44622
82049
28080
50482
3703
38955
3717
23497
85703
73065
4543
29644
62965
10954
29748
9932
32499
71171
7806
68025
6303
54728
64657
61294
62916
75151
65336
71064
29734
8469
67486
6709
12549
16092
53979
62962
95826
38338
14688
12953
68212
85892
10809
15055
18745
36063
61311
80187
72470
8421
13777
75277
55894
37422
99138
56841
18608
72422
30398
24314
77476
56154
56587
52697
42747
58598
76548
91965
81406
51957
56081
41467
3225
61064
61982
54678
14419
77833
84844
81783
60896
16074
37967
12987
80944
8480
5935
9761
70293
87237
77723
63167
17718
44111
96850
93606
92945
99650
43311
78602
56600
4143
92345
5826
66936
16972
70523
29501
13924
68054
39424
63696
66118
67782
82101
78460
9690
42765
22338
20779
91168
30016
81163
78228
6561
33237
40784
69121
6638
79161
68220
99300
38337
27073
62219
89105
85149
86567
22106
38671
92919
17689
5927
2170
24825
54836
7858
49540
43818
63380
41355
27842
21124
7309
23834
64093
88209
95523
17708
20176
80858
58358
27714
85483
12841
23765
45076
18607
1920
49381
71853
63150
22539
22912
88302
44217
21904
21446
9782
60386
53205
31471
95994
71260
73111
93097
68907
27239
22606
37070
77671
31292
63292
25948
58554
17949
5667
12272
26157
95698
24211
37990
18241
32355
67579
61856
83454
10350
10009
17692
48225
40294
4461
90698
68511
81050
86154
29592
47997
35602
11262
1843
19616
83914
46458
6438
5900
27881
80310
99040
10561
47117
22504
36459
93383
64675
950
88364
22529
69483
87003
57602
65764
44214
60002
95755
18124
52356
74481
18852
21611
89265
23647
16857
75291
40275
10799
65871
37983
64299
60992
15932
25495
32528
68796
93797
68338
51796
487
60949
6808
75043
60534
69888
44930
74240
90501
76212
22983
18258
34510
32043
7575
5886
27861
67451
38370
56975
37886
43532
696
46419
92739
88024
70864
47662
96800
465
60818
31023
72477
37750
24078
29837
3800
38513
49132
72692
78873
82244
64813
32254
15588
94029
38485
28558
16540
31523
86998
94827
21055
4151
38492
94229
74155
72398
11940
36125
49696
81546
68969
92334
41373
46975
89398
79685
31534
60678
19432
64873
7715
24879
5443
84695
49030
24739
58247
71289
19902
30849
99556
88642
80482
21436
60187
66205
82859
45875
73156
88174
74425
76577
56510
77350
79526
25914
14790
16499
29862
45072
43950
98078
59675
12149
49065
92462
51687
37211
81194
52598
81980
33797
93249
87021
69388
76775
8510
8137
74326
8215
67207
55697
62202
56518
18738
85293
38894
49925
22535
16059
68188
83564
84408
56826
11734
46831
60824
83512
49100
3981
76544
5460
60163
66057
93144
58336
35591
26939
97905
69643
4358
2273
48705
40228
37451
64707
79214
15897
5167
47683
96919
19579
18788
35435
1104
28043
1404
57399
39258
41957
73106
81516
40023
38977
6739
47676
68820
46719
18674
78958
28673
88265
8802
67965
48125
61026
59534
17495
6579
58365
8009
34862
64100
93165
84186
3272
78503
78631
55164
72772
9806
23148
15964
67337
34478
7290
99259
41435
31585
53031
90134
36261
8219
60598
25546
726
48349
64251
13416
94188
36816
97915
44372
82723
68799
71767
68506
77164
2244
84397
1727
60539
32242
61083
97269
93847
80762
81072
70754
94684
15729
25425
20385
48752
51489
11248
23600
39176
21590
68979
28677
12399
88595
27005
75492
13341
31207
544
47257
99450
69793
72081
81427
70369
82708
18804
95230
2012
75976
89832
45139
9424
35266
93900
6248
91365
52588
76529
82798
14240
94831
25451
24036
57936
93631
53973
61034
76171
21764
97323
48484
24489
24300
52088
76063
90874
64122
92865
20099
12619
36220
26673
69848
69094
52524
17427
33534
71787
36180
92247
79861
20822
81839
15228
83412
55583
72525
49622
26011
77835
30632
38782
52574
8699
6960
19164
21563
4816
34504
73607
21834
28452
20979
49997
72991
28120
42484
75307
57865
65202
72151
72930
9216
78742
13515
72851
29420
42612
83956
49401
42113
33001
51273
24367
25120
63171
95237
71954
60205
67115
32112
48865
65906
88989
86504
59422
40654
10817
53308
40384
80500
32093
53157
55580
52857
99801
92053
74707
53640
23362
71947
86029
95627
39791
10079
10272
46538
72735
37305
64825
37010
77400
23575
26725
95537
35078
98846
50779
71868
49349
40378
84448
85203
1344
62099
73570
14690
42770
60358
60237
99742
33338
5091
2609
86227
44494
81780
60761
47465
30212
49895
85526
59923
10238
54076
40260
23411
3458
43627
99625
61395
89876
52923
59834
41157
84486
72680
61577
96519
59568
87397
35582
85866
68355
38879
12220
26144
15287
88929
22584
60178
57001
45529
42811
95032
36199
98711
95300
98597
39359
78124
39379
76039
52394
48029
67989
84087
16467
31550
52230
6009
93666
17124
30120
87308
7829
61337
1124
48624
10450
3596
44435
60136
93788
26095
28326
84508
59786
34416
8861
35244
40383
54996
72063
98590
48557
80270
30504
97764
95802
77891
91289
52526
2112
90138
59213
80671
25310
34370
30365
55731
23759
3755
12570
8460
33921
80802
33538
58994
33364
47298
33051
60312
16187
20729
63418
75110
15088
32584
5034
36877
14914
66165
69371
29813
26123
69757
76614
48787
49985
89317
87164
48987
4585
55593
20555
31858
18304
96239
88529
94073
31767
99079
89470
18462
25851
98626
44098
41915
78107
19350
96890
62897
66295
23966
28762
25325
59186
57889
4266
23425
51017
52999
25439
40543
80883
83213
95655
54914
58143
87734
22708
73946
44615
10697
61454
97528
41745
12775
66621
63843
4623
42556
14638
76598
53038
37069
10704
15545
53993
29170
17909
33873
9778
18895
44394
51308
88180
13472
96442
67006
3408
26361
61567
33795
43045
44338
37201
54443
38177
72960
84754
3417
13202
37923
93825
30785
68893
93449
60382
58427
86518
35528
45293
55447
72354
8355
38489
34075
49336
61946
75016
23581
89826
99641
94336
67450
68062
39419
91903
27650
73370
81563
49055
60462
26639
49058
51433
23924
71374
34144
35171
66616
20765
13834
55970
64925
78852
24498
59368
63223
21880
63532
67045
8828
76477
24807
39857
46757
51729
76989
64376
11239
98217
38312
98183
64391
17877
94987
66589
74666
75708
23091
66200
52513
96428
83616
8064
46703
30688
25536
95507
83508
80425
45456
53436
19968
31606
27778
28310
85353
96511
93831
27348
56018
24978
66918
65774
36037
18315
98151
12376
68947
33902
64991
34920
38791
24562
10759
77218
15461
14280
24448
1764
29456
77889
8545
4513
33872
59871
10516
65120
5125
95278
20170
16025
32362
6308
67601
45801
10172
45662
62721
91604
43970
66348
67126
77459
91657
51572
37806
16694
63398
64958
36910
82327
6910
1673
52120
93952
7624
74902
50344
16663
87392
35271
81664
41510
16123
24227
56106
67025
7907
52354
23156
76823
51113
36395
34516
71579
79234
41587
44160
89947
9873
40897
26177
98622
8330
48880
71414
91848
12599
34011
39527
75488
58289
97216
71219
22769
2022
87499
57875
74516
33619
88995
20594
89770
70585
72203
95913
58787
12004
91270
53523
28704
3957
3223
15882
50464
46388
91567
86200
38807
1743
56027
91983
22260
86080
90826
49331
5691
96533
71941
34843
67041
20288
21987
74793
2603
86669
60918
27792
84028
57092
81645
99338
96750
43820
42907
64262
76626
44451
67306
19678
99922
80152
68605
61860
46982
18705
37304
42158
25908
73043
91184
88759
86461
10121
27903
17248
90666
49640
34710
71573
23367
92674
88781
59324
10796
36788
73763
652
15318
78028
73787
81799
36398
38663
28624
16889
99103
13719
35554
56971
42677
96174
59322
71408
77740
1867
55529
91093
50582
46179
41990
67611
5640
81224
66032
99651
74857
9730
96486
2033
8647
85953
32785
22226
57989
79633
97425
18425
20516
35199
32261
95838
98010
26120
34878
26836
42293
57371
10359
30828
42424
37094
15579
44473
58420
77542
56435
5473
19171
14862
9699
92627
18706
53614
81792
28663
82248
19351
64069
66156
75782
82378
98061
24345
10010
73058
88129
7001
91779
23818
25283
42856
85044
39422
48369
83092
84734
30051
80822
23993
95747
17265
65124
94730
25635
61670
16567
32054
74103
1297
79068
92839
27806
21720
79297
33193
95016
93826
59642
21796
77738
39032
12518
40985
7172
25909
45535
32992
54620
61788
78280
48041
98624
55127
59622
57933
57739
92575
63256
90639
88475
65526
27224
29746
47229
43431
28441
54095
91013
33028
28916
72451
59317
66364
48893
60626
23081
92795
42787
53375
46313
39604
78071
2772
67376
12931
72915
52314
39398
95136
53623
72573
6656
99243
11152
88486
69089
16004
18345
91070
60546
76922
37602
27047
83873
43535
55073
66018
10938
22880
60084
32250
50231
14864
22438
58666
90055
74774
47744
94456
79605
1609
28809
71606
4900
92206
82102
56072
6070
35915
15724
29423
65449
90866
42968
47869
84981
47352
36862
44590
77880
18959
71329
35958
71312
7769
37286
44070
25864
59637
33175
79781
77574
37131
12503
94706
52269
68214
7709
46699
10572
70571
88637
74505
25756
64784
80222
57219
34841
75454
31680
26974
41132
61445
10062
35699
3165
2579
7492
85008
82279
59990
45169
35327
25015
36746
78680
91871
41541
28759
18100
4864
80908
45678
99147
70709
25722
1440
51178
89710
63642
37669
33402
85186
28399
46876
87618
59772
25335
18615
49042
11090
64845
57078
62566
47668
51367
66790
74612
67002
23998
23616
55495
71718
92417
12642
64407
16841
7215
13067
77195
88353
97955
60298
639
93525
86616
40212
98611
41511
91895
10237
15146
86913
67566
31678
38697
11170
91956
55843
77492
79298
98769
56352
79421
56167
41695
70952
94319
4642
70322
14581
69249
89870
91982
72097
55116
69125
9637
57663
68544
87940
22185
14939
23187
5908
37402
863
81221
8422
92454
8601
43296
46112
96133
66255
2800
97246
47205
7042
12368
24653
69097
79963
4260
53898
81223
92302
58493
86235
66276
56192
93908
71333
23345
21360
40147
64307
71320
5439
5703
83976
49940
57452
16290
51304
13530
43018
8221
45629
42706
62567
93001
48498
32206
6468
39759
95585
52147
26128
5610
82186
50341
50044
95980
5339
70590
91824
71733
71559
7247
4946
49001
99235
96490
11784
94377
56416
59174
6650
34821
85614
73711
17581
46888
49514
47337
45172
63274
6010
20870
67564
50316
36319
62896
12152
39471
85771
79127
56307
85828
85327
27749
89343
54068
82777
73594
71643
19665
16478
96879
82084
22414
61383
32221
75260
21874
89891
71497
74591
10707
23432
43576
56690
60979
61706
70684
33026
4763
32676
66379
10555
13271
22258
15284
25745
72250
61512
96934
53017
27358
43611
58651
99475
78146
21260
51124
40299
97461
26519
81237
84651
56591
59985
2053
49628
51612
95713
22486
37181
70663
26882
10529
40322
57836
34291
62671
90725
90572
39988
69961
38542
64420
94838
80301
25080
61794
71969
92710
3424
92090
87216
67613
76753
66270
13773
23467
53904
529
94439
65517
6315
6120
37570
80615
66391
41159
80004
21552
34204
40724
71591
26040
5884
88407
7694
3577
44905
657
6595
27117
58999
16054
89477
76094
52477
48546
71471
21986
76566
56606
88886
1092
93124
8313
67686
62124
57141
9131
19365
277
25801
32517
9897
69656
57059
97584
28837
74567
27827
81812
36755
96753
29453
68344
3522
32308
92147
87524
62870
1046
68289
4379
98851
13053
19254
74450
15364
23203
97608
16730
28938
79426
29412
14524
94081
75954
74533
43231
4437
8666
9889
20933
66795
84076
14417
41020
24604
26129
10863
61649
50399
39456
27637
49083
11363
42062
64274
26929
25177
46402
74003
15529
76386
75395
96270
97085
57584
3453
9177
3447
14039
5393
72931
51071
71314
87671
41762
9783
54341
79030
46619
24956
40959
57243
68146
69450
65997
14196
20383
20277
63245
71375
4610
97122
61663
8233
69716
92123
61423
39646
89655
37444
55900
46265
22366
41610
55094
70040
42132
14372
51030
87856
27777
91958
38218
5775
54586
39085
21283
43604
38355
66089
41090
4141
11944
46062
95012
10234
85476
4544
94642
99896
87819
6410
78947
22727
56546
57503
35116
45770
32403
26115
78095
69171
23076
13736
85949
64361
39369
17641
72294
36960
27124
66322
67220
61529
7946
58007
24111
47696
23470
34460
44553
46005
50430
42842
14286
25407
61736
11435
84013
83710
67531
296
94166
57485
38959
83331
89002
83243
72165
6302
13088
76261
1250
6374
38851
55565
47905
31548
30823
32351
72801
11087
35188
63542
15098
9669
10480
29207
83697
57557
41666
86636
84132
45372
78675
58865
16171
11311
84677
92592
51110
90547
26629
89844
70113
34296
8132
76184
24538
20909
49597
19422
91616
76401
1904
32993
20061
27341
52444
25799
53574
86968
73978
50247
9030
20937
77128
89249
84197
17570
25128
6158
40316
24150
51347
80724
83962
37959
59952
89176
22967
26533
46043
93509
11274
64711
20817
8589
84570
42566
11701
16297
60869
18176
93475
92290
46471
92845
42573
69778
13983
2186
81258
91274
331
94106
88222
23334
8160
91685
69379
40169
85637
99750
13562
5353
12710
46276
97788
27728
94431
56640
50882
92872
10699
6250
26792
97233
5765
91066
93013
72603
91973
24821
27677
42696
57312
87837
11233
55895
76168
22256
16863
59023
24822
26121
79937
70332
22259
36682
31390
42341
45418
82669
87089
24718
96522
99439
57900
10585
74550
81809
50287
45733
88783
8369
29397
58535
22328
43286
78906
30232
90119
83587
78341
83537
77395
65529
39606
9176
59736
56109
58214
14194
50985
43647
9079
90058
51801
63233
33786
19156
2357
94264
5356
19090
85597
65403
91522
41873
66842
32899
45574
50795
41633
93679
42988
90926
1773
8168
50698
57032
15547
33053
98999
24235
78508
77018
28114
40563
86606
34649
96277
7167
68293
31115
5385
32615
32473
13018
68353
48696
93545
90575
39404
29516
43393
77634
92615
54140
66511
89304
58205
52843
21608
67338
73064
97191
12320
50791
66380
15149
16476
95060
20461
52166
86979
9937
82898
9948
63023
99876
26007
7428
5545
24841
76472
74002
93795
31689
5492
16118
41743
57754
90123
35683
66544
18015
46532
20164
58449
22854
32654
52334
23535
61612
95472
66306
86257
99728
45711
71127
57221
70994
86549
22519
44754
45736
19706
94428
30885
29457
20918
80453
75486
70242
66714
1169
41125
18711
91884
87880
99536
82644
36997
10012
54878
31221
13504
36420
15115
52371
91143
82700
68085
59026
34800
78027
65326
54606
9271
524
1734
61334
29418
93859
20911
70563
85672
8983
85272
10850
53464
27010
18218
56147
79672
3418
77905
91574
94284
83455
526
98584
50548
37149
20175
63614
53147
93063
12308
24756
76159
91755
19538
43152
86571
74331
37971
40213
64352
91020
37087
82151
86904
55851
28968
36715
85731
5579
67922
78015
89422
19328
88504
30697
18457
82204
13355
17279
28289
24505
60204
25505
21269
47508
21193
31230
74234
60341
41591
40594
77980
33949
43257
67584
33859
64496
27170
65886
80022
4715
19607
75636
55099
59340
78296
51332
83663
63350
76397
84278
6215
8340
46909
464
90235
7438
63574
26828
25587
87348
97151
96999
22998
91952
72035
68630
95989
22223
7766
58170
16032
33807
19101
16023
19521
93119
2226
88133
48620
91945
21205
45830
99890
51444
1150
96704
40739
14459
18429
98862
93896
58225
42716
80764
34346
4984
62676
60794
31879
46985
44491
62486
8912
97507
65282
40595
34585
14785
96003
4801
52036
96351
27410
86229
87652
63789
92924
84249
67474
28795
7631
7150
15402
13811
36215
99504
28025
78043
74907
59479
54025
63837
96743
8770
97930
93835
19730
3070
32277
95349
5255
75402
24511
28860
42128
10099
92000
54992
3581
52327
39567
70842
81939
74737
43661
15435
53988
27492
1233
24478
49717
27590
99059
63343
37483
52704
69218
50766
11606
37190
81552
95069
53884
87400
55711
30460
14764
88615
1973
33069
75552
68083
99983
55642
30153
68155
31253
4930
54354
98175
59238
17336
48320
38429
837
98353
92216
30882
43373
15827
14678
26047
14940
89599
76708
27666
85609
65625
73515
79590
14221
15349
93298
20064
41799
46585
91309
68119
40496
33439
76799
3550
39862
5471
52870
97444
17389
73613
58399
19518
12962
99630
71570
37942
35772
40089
52871
66837
26342
6087
82441
94644
85586
40534
31111
56909
69635
24516
55
83799
15118
1543
21230
96906
83527
35739
26410
92100
27210
97377
58040
58688
6792
75333
9354
82875
5137
57107
54006
83306
91427
6738
81041
60239
63399
16340
5772
61103
1495
69765
49367
39631
93792
65272
58813
7014
22530
76904
11415
55097
44077
27457
36669
37188
38129
81129
98200
79200
89687
86897
23241
59529
39153
71989
81027
34558
21631
34099
6530
48067
627
28586
32794
80780
80061
64064
29820
96237
24991
20462
37132
61410
79936
40485
40517
63151
59349
79257
20536
5282
69523
26826
66525
90884
37921
72660
85031
90135
73944
39132
4114
59593
45841
20549
37928
59103
98789
17935
87431
93415
61830
76979
30546
74077
1141
14915
82624
68702
52898
19718
7561
62244
7324
47515
58527
7840
29994
72037
50334
57267
93297
91940
73679
97434
28333
5937
56341
63149
40841
69844
5169
21624
74415
85182
18208
42472
62853
65093
63594
33090
33510
24543
18201
93970
8623
63362
86392
19921
9856
31357
75796
74051
94316
71095
30252
70659
73813
75094
65240
34145
21359
82977
83180
92131
18577
3134
43130
81924
89790
75547
99611
14123
89792
52465
26266
95904
16361
54835
20069
79112
84643
39564
53602
60543
26411
96799
56761
13374
92926
61110
83084
15564
44197
89016
93532
77923
64029
48262
6489
94880
30741
11339
36500
90774
82272
46275
11723
29753
2742
83559
31561
30991
53155
19397
90170
81805
30862
22409
21401
40329
80982
82913
38767
6446
10418
13531
21059
94877
76829
31980
58083
53848
48243
90144
19740
77864
54781
48983
24759
49917
50159
37581
82261
70503
86788
89219
76859
72564
88681
8247
27402
3221
25247
5693
55152
10654
89392
76951
83966
91571
87012
90717
70271
47459
77702
52461
49972
70607
27052
77662
97341
53559
13699
60371
29989
50687
81107
20650
11346
90093
83530
74448
5516
3196
51806
23511
63354
34120
13526
40929
69846
59332
50034
97358
40729
41230
62628
28770
42038
88481
50499
16036
35580
34688
761
89608
9769
54377
25526
57290
94326
64783
80034
77561
60258
16668
72478
33015
93811
40800
8778
90649
44093
8921
49560
18998
91406
87371
90832
53284
99617
91181
70257
42020
30539
76435
99155
18582
90869
28958
63146
99388
66977
42301
62235
23369
23618
40690
23545
29138
43058
84245
37244
56312
62040
8423
92721
60740
77619
77853
41829
74170
35203
17455
20107
75793
24920
50401
96049
36352
89290
60577
78704
7052
55618
22623
67475
53446
8645
68144
48282
22266
93546
7784
4146
77714
60781
14449
89581
40920
40757
20988
15148
97275
5952
96148
8818
61059
15646
98428
733
35811
59595
29574
55938
58590
99766
81385
52645
55546
1735
28539
96931
52622
34333
85314
60743
37014
22257
45619
81542
50495
12567
16182
77886
19445
12107
71762
18560
69800
78984
81656
65456
90862
57316
81417
1311
18119
17781
47066
86579
27446
91194
22783
49585
77142
56460
75719
34652
76273
11916
97332
43132
29690
36206
49822
4270
71673
58200
34158
93806
76670
9719
94837
48435
11165
40836
57101
4704
15034
87994
3475
75028
97086
79491
44499
93180
67635
51407
37982
37352
72661
68794
43962
1578
99741
99600
47014
75735
79778
4303
31301
64502
66004
48945
23476
88254
62735
67282
37192
8964
11880
55567
32204
71486
19497
8730
55501
48577
82271
52182
88367
96453
54564
81803
13545
17227
35833
62093
95653
85758
47163
68197
60651
54203
5854
10400
64315
29876
93573
4750
41918
33075
85590
83555
71820
88565
56492
16570
5963
39119
22395
97078
34267
99645
71764
59569
68276
86712
11503
25116
20929
75940
88516
46863
85311
13450
17683
15339
97209
56920
94100
66699
89051
46190
62728
29947
31244
1516
63943
58759
81844
62258
13459
3001
8265
94373
80664
9737
84018
18590
54455
43984
27438
30957
30110
85671
96073
65499
72530
33658
52852
68020
96040
6996
39155
88362
1323
66409
37536
7562
56112
82238
33683
78610
41484
20114
10962
41618
92132
8762
93879
18741
36017
71594
15328
43453
87784
64205
3031
22161
73615
41461
56687
42673
6432
75332
7972
68768
36954
31815
29492
12697
10227
46332
92500
38684
85368
23045
173
71044
13760
48534
24415
65477
6055
79269
37122
80099
64802
17121
64617
26109
2202
67095
52380
8320
45635
96214
76256
59940
38473
9465
75916
98302
90254
69212
52106
72163
5643
31393
7832
22068
5146
77939
81974
25105
47324
94232
39960
32529
26802
76306
53883
39179
25973
77153
97813
70035
48937
15762
10033
76090
17517
95053
63169
21021
65940
50205
92591
76866
3970
56843
78020
52005
82380
40466
7691
85504
39904
79417
95013
86899
80541
36537
6997
47083
82434
60052
54814
97772
15199
6886
66787
9542
14344
58136
73177
49883
73138
42666
28147
22532
29278
55880
48509
42056
36165
99164
73698
23708
96849
73556
1788
5843
36407
22770
47332
5989
85116
13505
81754
62426
79176
2239
25198
66513
46630
64014
90621
88341
60100
50583
60016
8532
42426
26794
55684
33329
20866
84505
90987
78361
77404
77096
69641
55155
22841
42833
83747
38035
22825
14843
22663
27603
21732
33054
16893
19712
43176
94282
64342
90045
64872
6300
244
93547
31566
68334
76591
55424
86133
9757
8663
7873
24664
88723
25907
6218
45947
18617
7768
48775
54198
84490
75489
45820
13888
76921
86330
39785
34554
3583
69315
98662
78131
23000
42771
14093
76836
80333
81154
44432
73659
5165
73386
79499
42557
9855
14425
59250
35758
40877
68841
15429
61237
63635
52494
38761
13786
97501
56393
91856
10678
7217
88136
28945
94250
45036
75348
76579
10882
82273
30108
12080
44720
28127
83404
62633
66846
94876
91094
79655
13479
79275
81865
42991
44467
79102
16578
41118
81983
97644
21822
51299
70379
50273
56579
99458
76373
51792
6360
38720
90037
94334
26682
22928
11859
88354
55906
71062
91363
55799
21259
49328
71412
24554
25795
30714
2214
13984
14527
20675
72262
70554
84188
45631
65382
18128
14830
59933
82766
16372
26055
44900
87087
24229
95514
52308
85114
78086
79737
15153
21589
29479
85958
18117
42300
14430
44978
94691
24136
34521
54591
60578
43482
76034
96054
73980
42952
71844
58337
76784
54373
85834
24867
75423
46489
97024
47844
30500
64143
39810
98254
61131
43954
16966
68977
7785
35708
33482
27992
81598
93659
13621
49309
86422
44682
27579
50933
52720
72539
25288
47711
68181
6974
39450
84236
8959
98930
31835
30945
83670
86993
78252
23820
79487
77765
18045
57591
3917
49669
25822
37561
97610
18364
60965
60888
65020
61677
82612
4875
38874
42707
56662
72648
28611
33616
56867
44523
71974
30846
5986
54274
52813
29226
72879
24307
45776
81484
22031
75214
90950
83003
93607
95922
39852
77369
94782
51423
49209
53721
40332
96464
32574
44315
11861
90121
13521
56259
73512
1818
67417
79013
78729
79999
9294
55888
49240
7697
53141
72990
73740
18667
39772
38302
90068
9875
58485
59273
49237
84815
88804
5182
31484
13865
94349
31126
19886
37417
87384
96138
37406
91305
20304
23412
90729
453
22786
34811
90309
38573
41686
69890
2203
57920
54106
49725
83418
38695
17439
80723
95877
77167
40566
64560
51986
26793
2365
47065
24259
19952
51560
81627
64055
80837
42255
35409
98804
79315
67574
59808
58809
7208
63461
14889
98566
55989
77691
4415
55338
65800
67219
15483
42644
82027
45068
40879
28990
36209
0
97942
60748
93630
17504
27243
98460
99749
27623
53407
57201
57977
81582
37734
69420
100
48135
37994
65876
3213
40001
48015
85967
92199
87168
25656
20442
33196
74168
21227
97218
49576
30864
98946
59815
75142
77888
9203
84761
76486
66593
1217
10604
46561
47804
87428
52387
3951
10365
96784
6623
65121
76395
31777
78544
18753
82797
60457
65090
75487
44714
49089
27495
83599
46262
24874
90808
20356
66729
85397
72321
89716
54774
485
18052
27625
6424
14279
68373
44339
9147
25470
7451
88747
42342
12623
33445
69742
45427
19924
86349
88152
36567
7568
95390
32220
11634
54978
94479
23761
95792
22331
65463
39906
59792
45038
28715
67141
22047
79641
36656
57917
99822
57043
85829
68854
7598
45134
75985
35801
95947
63097
55404
52977
40590
88661
9834
8764
79483
64864
8667
30035
37509
55855
39849
69309
63243
56807
80100
62473
21122
56674
95488
43757
65543
88389
56549
22950
10912
86987
7736
10113
79273
65782
10579
67329
96165
76069
70285
13593
43921
98346
5777
17481
71684
73467
72244
2085
88764
55068
22937
35264
15716
46583
42121
9926
23569
20719
12475
73755
12521
70391
5581
65506
63718
2303
92292
63674
7127
96749
32041
41783
9567
53461
51950
20250
48652
50451
43370
52188
59547
35138
74819
35926
49298
1550
61956
23640
91654
56054
88709
73657
48981
88814
2196
56693
23937
51114
56880
74915
72407
54666
83307
80118
38740
29304
6031
12843
24451
92074
53465
33176
49273
44783
38970
8945
55672
2685
58473
99393
50017
6948
68807
30985
38500
35237
67848
38592
12200
27414
15717
75378
91988
7565
16599
36863
30085
62326
9784
66185
72074
66516
83817
65068
77022
74746
74656
45750
92079
84862
63984
1947
80352
69769
6425
2283
84550
71296
32598
37995
60822
13601
90180
68667
52317
17266
45165
93529
72736
63317
35792
81029
75623
91689
33708
53505
87406
27504
64612
12157
99871
19666
78221
13820
60488
72445
52924
5621
15458
46292
67198
86994
37388
54562
46946
43842
28491
72696
43230
97651
8426
84995
73995
51818
52228
54280
97537
80639
34456
34531
65688
91178
24325
63113
72725
70573
93190
40483
56163
60996
26042
99944
32690
23770
18728
87986
98164
82005
7233
51405
50450
41403
75855
71496
76482
2551
94565
26336
1034
83434
77263
82690
93406
52454
52408
45013
63766
76290
92859
84232
74923
71806
60313
82013
81998
84125
35274
1823
46944
68677
18719
73767
71196
34733
78565
19274
23114
43426
9627
56214
30314
46979
96082
10332
24838
10199
88762
68902
69250
26971
50176
41960
54196
84922
82578
65225
62906
97760
6527
14366
84669
57379
11592
38232
77875
67789
72614
81452
787
70103
16545
17301
5796
69561
91600
66204
88150
51321
18557
90191
87678
46358
20260
30516
46996
34049
82596
66687
46894
29972
31364
2485
47636
24065
44632
99839
22862
63729
33627
64528
12195
26085
16342
55846
66563
4814
57202
4607
58613
35867
37835
71009
54435
33687
35679
62717
44668
19088
43020
8277
53530
86081
89923
51196
75998
39280
28627
3858
9032
35944
99955
64203
34672
33142
3011
22172
58369
59067
4769
6083
19289
83217
11759
59346
80386
70177
25197
66015
67844
13412
6796
8520
83330
20829
1201
45431
66845
46497
71891
77418
98393
7813
65014
13132
97477
86762
27237
76982
99451
53800
39005
30841
65343
32202
87718
45855
17454
53556
87551
51002
75997
88635
37082
64684
71563
58997
9997
15465
89019
55392
87004
39467
87142
80795
94714
4045
94140
30963
26641
45421
34823
98697
17825
71243
98817
6111
34161
71435
43989
48370
68688
76677
75496
70793
54966
74443
81234
74410
49951
59825
82908
7379
80539
72090
36330
72487
55582
48185
29283
11611
72014
25259
95487
75958
23675
39458
4584
29645
29209
10191
75009
41956
94361
24750
1723
64187
93958
84778
81430
14159
32608
34016
86213
73649
4674
31942
66750
53276
26534
90074
39505
47236
95199
62784
27470
51602
16834
23466
84792
82605
31189
70857
65974
19067
36926
91749
43051
58429
97356
59970
45078
29803
97987
85897
72015
87468
85238
934
66368
10484
32562
56738
67770
70931
10641
77436
27396
22400
58257
85410
55621
51214
96039
4671
14518
92404
7418
7892
55702
48035
70784
70088
56445
89829
72920
65300
10426
72804
30165
47073
25185
19758
26001
31321
28063
88075
33583
93071
91686
36612
35842
33166
2386
10550
279
87766
62998
70381
73598
31683
9587
69286
73514
54824
72060
54998
97099
88688
72420
34943
31036
12404
49884
88603
39755
19825
81249
27586
32900
96956
27554
16723
90847
49399
97005
88458
17848
12055
45938
96457
74929
90059
58594
65165
22820
5961
8368
87696
85006
18924
61692
83960
16974
71750
18818
91886
72998
84722
27828
36344
37534
6073
87806
6889
16130
93050
91813
64234
38590
33906
54190
45929
87860
45050
30606
19682
86335
92894
81395
12961
174
14617
29861
1176
91918
34079
75295
20419
84730
9078
23547
59670
50013
57732
46301
48446
6745
11247
66622
68413
31667
97969
78792
55140
99713
7394
9063
31004
92940
53169
16278
87198
50831
49834
97338
83468
89236
3605
85695
64736
92407
65083
22976
15421
69407
43168
75697
60146
74726
73477
68375
1028
55506
58217
84128
78987
13547
80572
38265
11841
53373
40582
16922
13518
6665
20841
98500
64340
39634
44867
98186
91476
720
27622
48994
1429
39649
63306
94183
3219
80454
2924
4439
31838
6036
88187
66830
26665
25545
18838
87990
30675
56531
53849
27364
39018
54306
89331
99392
60892
15714
59994
34159
39751
44272
30752
53769
26296
59665
91725
40288
29464
84071
4268
4383
54777
43608
17261
26557
69783
22580
56119
48578
59440
58192
69856
20118
43196
3929
23102
14787
99108
56731
8854
39734
10133
5247
29603
79793
13176
31324
41049
73550
79108
53495
45488
6522
30018
65062
14823
70991
69720
32814
72531
63382
16565
44450
34336
12959
56904
57480
63441
48664
81637
48606
23026
63902
65842
62427
60401
38493
37362
29060
5051
61488
19325
13614
93781
28974
57357
71387
68742
9629
22657
63103
427
16156
24171
54778
22481
31635
89196
18979
40009
95308
47049
86407
40603
58185
61985
66466
9379
38785
43069
257
1755
35783
34257
78696
84809
9999
30442
61434
36988
64158
18132
85150
89748
7188
83311
11496
6983
3289
42446
45753
17984
25831
76004
76049
56061
86193
63825
22898
81394
39068
72914
56501
67214
84707
91480
15874
86452
58093
81553
86656
29451
21993
62952
90752
20380
47363
4995
7058
63135
67203
52840
69538
39111
43855
62417
53806
20744
14222
62217
21085
13533
83922
7004
241
26850
43201
77290
4265
33591
99007
45180
30152
2647
75271
32333
89634
1234
94587
73293
1810
98536
78325
19835
90396
40912
71186
89132
45397
45077
65864
57226
61816
48055
36621
39701
72118
86226
89158
94709
12894
86063
96326
70052
61665
50194
669
15137
78825
49471
16696
58340
79085
38566
97229
41559
23385
13101
56008
34015
33498
67445
16805
43988
27423
20814
15020
77029
8007
30655
27271
48432
75111
39382
60101
2848
45245
82618
51536
49583
67408
46067
64600
61901
52035
38992
84591
51742
14176
6753
86459
70645
6782
82793
79501
2767
20102
28728
71928
54477
56631
47985
28418
81691
46637
82050
24124
22079
96830
89393
24020
82347
51227
68581
6594
66429
39543
59797
87794
40631
39635
89896
81228
72752
69350
53939
98017
28772
41112
48363
15248
95767
15523
33323
52439
16147
83586
19990
73372
67819
15382
47517
23046
85611
53392
45695
93432
49006
58132
16479
82288
69960
80340
71811
66308
91791
73299
9857
64215
18472
86967
31913
20374
43883
40105
15570
79295
61941
83834
73658
12784
28366
85441
63929
48279
45958
19243
56410
12027
58498
85064
15644
51678
20509
59703
58418
46864
11568
74690
91515
49842
873
21327
95608
72605
86908
39951
4052
36341
20265
97108
30792
93402
5686
6577
78948
16548
86832
85593
62582
69534
40866
72357
59917
22493
45790
43815
79282
59750
22562
22485
5531
19406
39746
51926
3407
72490
44965
95939
9353
44087
70442
82671
67846
46010
41266
8437
83510
68520
42088
81266
81631
62343
56092
98513
39062
51142
58572
84083
84255
34160
53260
4466
71146
29898
44890
32648
11698
42943
27515
12968
96439
89097
92693
95336
59544
41788
16246
51032
15372
38783
17143
53098
53600
61162
74204
18634
23332
54593
85002
72024
95522
41515
29909
56323
23874
4862
64728
91539
46420
89869
23904
97437
93913
29827
83869
52302
86122
30614
20660
16401
28763
70246
6800
85746
1549
97065
78846
79437
69336
64938
96313
3653
46736
14841
56736
99266
36893
9869
37384
23027
2015
72789
2588
53245
73797
49641
19074
77351
76007
40481
38726
89760
89519
82545
2158
66209
59424
19250
50041
54378
85223
8915
93620
13059
42498
8817
34032
53903
30830
72711
91063
7073
67328
77050
75567
55513
44706
40250
40476
47070
11402
92560
69964
90548
60654
91384
83658
76973
55904
7878
22028
81719
64786
84258
43556
97646
87889
21137
57948
59638
2075
74816
65079
78099
58045
76185
45788
47920
71938
36834
55471
41340
46726
4591
86933
96130
76409
13832
83469
97257
38613
36884
35100
74846
37282
71325
30199
36356
52948
85702
45985
64844
40465
23821
26898
39073
97426
54912
8567
73146
2980
33018
92738
73526
73631
69
98378
30835
81222
9743
99697
93035
56694
95127
56959
33367
68567
88994
1969
17913
58226
23155
42638
79138
16884
37975
73867
60666
20147
50713
29417
81369
10997
10593
29116
83319
14492
78205
76310
61442
97949
71399
37257
97627
91544
85675
71433
53107
14615
93983
45888
88891
39166
37748
76406
72500
21855
82135
49957
92984
38865
46490
60149
65960
18317
12424
29775
34571
36698
81946
16946
62681
55102
50660
91495
41660
97282
53404
78108
21781
69050
585
85801
83572
83506
76923
15337
38833
80444
93084
2218
63545
56359
38243
82837
61810
2179
11969
60343
56879
87036
13401
80756
20810
89244
61036
58130
16062
12823
17159
9211
31518
34185
26148
83456
12249
65186
16728
3268
72693
96560
76843
27228
22219
46722
3296
32716
93258
557
76837
3923
3015
77317
17979
1418
18576
85106
92350
45999
90598
46509
21656
94789
48173
45073
66923
40741
29239
75854
30910
84367
69011
9223
79354
97063
89933
81169
77977
48175
4039
98064
83305
48252
96662
14988
22480
19457
57161
82909
40944
47123
40725
32904
87573
35259
53874
40188
73842
97908
76299
87174
98161
86312
6949
9987
92965
24144
38918
64448
60800
44761
66954
49747
68358
49675
56282
85077
57417
33929
82552
66779
55611
54581
70670
10918
38708
32231
84454
4910
92596
59553
50150
37358
90936
52639
40936
47467
55933
32552
35943
6731
74355
63803
16200
13818
58425
20210
35013
49277
71931
33139
93200
9034
2659
11277
8772
31310
48271
14826
75654
56205
29563
10510
61286
10200
72363
95208
54434
12119
80245
45844
83887
97166
24091
96709
53761
2402
88754
2271
77720
50996
56588
49488
64640
27913
37972
55104
54400
33684
39097
16660
49682
40829
90370
85459
94543
85357
21172
57246
21569
51116
76711
44882
28537
9902
54695
98580
47403
62830
36733
89164
5896
31520
64928
30259
66345
44522
11777
50806
57083
31920
2052
37798
17543
81734
57609
13071
62313
19458
33349
97413
30143
60746
96720
24501
77666
41188
59876
47655
97863
95854
54150
62466
45087
2914
66930
24077
69369
4497
36343
4812
21957
42548
51826
78735
59124
41251
42829
87591
94915
29930
79118
38444
26164
38013
36487
28661
88757
38847
22753
18464
24945
94226
20510
5836
20572
15972
87563
997
9310
5661
66026
59760
12359
56965
12564
48373
49573
35184
7524
66431
21293
23164
18964
75365
94745
82295
55549
10894
15720
18004
93396
86724
60838
22410
73095
54901
48875
39792
55354
97415
18418
58408
66383
36535
50350
42368
53081
2874
10434
61818
32382
60602
11223
4053
56906
35365
71169
95875
68390
76939
74552
62612
66682
36174
31474
95346
55562
56737
33101
84450
43432
23268
21185
61503
22780
24561
28722
81693
65551
7640
17612
63086
68486
82568
43621
67590
41120
30917
50124
87338
91297
20433
43501
27353
84687
73793
5745
13330
40349
5308
36081
11227
57474
70901
52499
82558
74768
67916
29385
34973
99189
12307
21699
88402
90108
99748
82092
23582
34220
50767
52985
81364
66491
36691
20956
78277
22572
23681
4311
31494
12413
68209
31186
71821
23689
67052
63121
48980
61604
24537
26584
49768
95460
80725
21199
33944
37958
68801
69645
83031
54264
57125
75722
46495
72391
15961
80162
51679
85777
23012
15011
18211
38837
98770
7350
972
12839
41172
1939
50452
88134
30746
49180
28919
85823
5050
27941
13086
67658
29654
56242
28267
86210
82435
58213
5933
47394
59712
33548
93764
84485
89228
79484
10848
98718
35753
47255
64452
88301
17714
18809
43547
14599
71013
86484
10163
95289
87487
25728
85280
26918
86653
12855
47737
9522
81028
49183
42130
14335
90056
4161
57242
95157
87944
90893
43344
92954
14270
69647
73854
3463
19262
40734
53827
39798
15188
24652
21244
93243
55758
96613
34202
2173
8459
2298
57837
809
66948
68813
97398
35579
57753
56550
60809
24139
6113
2474
36251
57142
33
49392
27041
3714
93766
29045
30604
18558
78712
55815
55071
34316
78640
93472
23266
1093
5554
17725
68757
15903
21470
44241
49025
12139
81816
2837
97702
61413
59266
53133
19255
58278
74431
5224
48565
4338
39187
76266
46423
66631
44396
24061
3224
49226
13669
33212
56620
62945
60696
51102
83447
62558
57486
67426
77332
67216
81768
28877
18587
7779
36098
28393
43293
84983
13548
54724
18406
9326
39655
45780
35661
35370
72830
96822
27081
22906
3608
13074
4504
8004
37442
12361
45997
49676
47792
65332
30404
7943
43042
29234
78752
92731
74126
36555
56650
42624
56658
44798
28462
11797
96580
98603
96650
39059
46823
65990
71334
60318
69077
96659
28758
84220
13697
62029
84520
20927
1702
11920
67597
84889
50407
69910
37302
7389
52604
71726
82950
14095
40194
48273
76257
99660
70261
26593
3051
46787
57524
77319
26830
50457
96128
21002
18338
15067
33077
13340
19805
31707
9037
58674
24221
60769
73212
98708
40760
43979
28257
51831
82407
20797
51994
17174
88015
62164
80755
39515
7620
43603
63754
84304
78969
4728
44695
3792
20253
97053
24
94629
89940
17473
5408
3816
6566
10872
97441
97460
83898
11754
99142
57608
13142
79897
83863
98933
73539
52105
7928
6767
4790
22645
99835
36644
58466
74728
65156
81005
12209
24873
22392
64975
58118
96949
1767
56721
3039
57393
85098
98399
38045
17923
17447
84351
31969
36901
41097
86225
53230
98942
58497
58512
34694
86198
79810
33981
23494
79237
86666
97025
84818
72779
83566
35742
14818
47782
4557
71878
54281
67568
65368
68648
99252
4058
72951
80583
25386
40072
30280
12030
9657
50033
65747
50811
91029
75775
26940
89694
48721
7916
26339
26341
95211
40914
46337
41801
3696
4837
30279
9599
46922
31938
33794
87321
13367
79732
78030
3076
23050
98418
3582
38397
48564
62113
80406
61780
1732
83971
58965
48814
67097
381
59110
44342
24650
70394
75764
9051
60659
23264
2447
69996
66407
14712
35347
18599
73190
32549
71698
74008
29796
67307
41382
42807
89974
99708
27797
56773
80224
54162
31702
23118
59392
95855
93625
42801
1724
54495
14791
35000
98879
55113
27195
85667
21009
25860
53244
66480
27229
60787
3019
54972
21440
53621
92368
8228
88238
58979
49329
21689
36151
44778
54913
51693
43451
93443
37492
68773
20361
44231
95264
68387
91009
2689
91527
87339
19318
23742
40887
59567
56490
93608
59354
49788
36466
24917
28706
7185
13728
72852
26900
50428
58805
48003
6545
93411
91400
55214
93262
38276
32280
13935
8148
11954
76447
10428
20821
72947
86805
88255
35428
52610
30970
47206
18575
99369
311
8470
88675
60694
41185
72147
44051
48290
69695
11981
70941
2941
35509
13741
2858
41886
84265
38831
82428
59856
85623
28497
19358
36373
99145
82425
37671
52886
34693
2425
94372
47091
93531
60063
12993
92563
77911
25800
67268
70066
45832
57815
27781
8454
82426
19298
96755
34413
81387
93988
89590
51162
1470
87240
71736
97967
91483
64473
47256
16990
63433
16371
6578
73646
88286
30842
56797
47057
46579
30106
12770
9201
32790
70840
1181
26685
44564
30836
65257
6230
64416
39945
93777
43846
30163
65964
92896
73547
70374
30939
94582
10565
26470
87493
68864
49778
34561
73245
24927
99806
62429
20003
50527
76712
8928
12115
41539
9738
13708
64789
51537
20041
86090
77389
84376
48642
17406
40252
89055
99854
63976
732
69181
55628
19175
65923
6054
83216
19800
18690
55342
61650
68589
17275
17958
55232
15063
18080
67440
99160
99255
42679
29161
76985
19840
52681
97091
25512
33064
77775
60218
12254
28963
52758
96046
94817
1888
2069
26911
64067
68137
76148
13310
76679
59865
60210
19196
2310
8467
56344
9885
58367
54064
51557
67884
84269
76778
26703
54266
35656
34529
55190
66898
46485
95923
88585
93564
9680
14978
10820
88175
80777
35691
86840
52573
69975
82339
30813
43200
61077
32953
29542
60037
62383
10226
50838
92439
90707
74988
22417
99637
88031
89815
65965
87209
88974
82543
53797
74165
48390
57747
33970
13814
81219
12924
95482
70956
36012
8474
55486
4230
55027
10090
66939
77099
94016
71773
36192
783
85862
1526
43136
38953
7610
48306
32604
19680
65255
10977
39549
70889
46191
62673
59459
75929
20807
6192
6352
71842
59093
67572
38778
13520
10764
43256
75312
87328
20319
6854
85017
97500
52833
92248
8796
20438
99784
59293
56727
57558
44539
35360
63970
48170
87367
68579
65580
32187
87821
11243
38600
52784
36329
22356
55609
34077
48040
47483
4917
30208
80311
29163
22204
34480
66655
30151
85256
51138
15388
93252
45086
92235
55820
64590
10433
18949
98445
13273
73133
28363
85424
60709
54339
85242
58382
61522
30248
90750
72599
4785
32706
23138
76117
48984
68176
84010
30374
66470
82036
67614
51181
12696
82547
88779
47169
5638
87017
22740
67223
57317
35332
98229
65683
20882
92398
54053
57274
84536
37434
26765
40918
56047
10984
58860
43352
54536
24529
56808
94576
53544
26664
1805
31338
65215
87044
77599
28814
8056
27473
48217
79215
74783
22286
15099
17540
87025
532
84352
22382
61295
25573
41721
26853
16356
12057
84881
13253
10223
32656
67723
19572
74537
15213
32826
12707
30955
57887
51545
83929
88687
37609
27502
38223
7919
16647
56469
2749
82804
57475
22942
24760
80830
53382
26967
38459
65713
60326
76540
94518
19985
46269
33062
61754
91308
54506
2107
92287
75443
18893
92466
17993
84189
33639
85627
4390
88909
57361
64155
90397
56446
75345
94984
21514
39869
54757
92272
97695
78342
99056
32927
73282
15719
5469
61282
65524
36440
59653
10432
20648
16809
24364
90716
46406
49775
61325
66733
78963
48820
26049
86447
30793
64790
72455
69913
3518
78703
19330
90218
66725
68239
13927
27669
59081
66063
94944
7044
81324
56036
68535
9371
823
65229
79390
49900
88736
99937
86554
50664
53765
69025
63366
4366
25192
58041
9435
49807
82323
42408
89546
70267
90430
46258
88643
12449
68543
61233
50539
15962
70417
88168
23939
14528
29249
32559
2123
33918
49920
36232
79794
45737
84534
81081
92884
25405
5575
31163
19574
37455
60169
40450
46959
91951
3757
12669
61151
77025
25809
14484
78758
85400
36564
61124
43867
49954
87744
60402
50824
65730
57594
32195
5987
43691
69003
31192
6204
14337
38799
51436
2870
27185
73164
97295
45485
70038
82444
22170
85274
22823
42411
61574
91350
567
62614
89142
97374
54559
56855
17639
50480
25401
6975
21960
94330
51353
53518
1074
86250
74303
55564
65756
18930
70600
79968
11826
38803
75455
83178
98015
10655
15174
70443
5518
41199
25234
78014
79973
3071
14054
39562
27295
51568
17976
52793
84201
36178
10302
58629
79869
58013
97196
77522
51051
6988
64117
19922
95031
71257
81466
40682
54220
32323
68845
80254
30189
85861
28030
76575
58531
75604
15828
26023
56161
51626
3360
80602
27463
96939
37485
49979
57225
80900
71655
64130
33201
76043
78161
80145
2830
25956
58149
75599
21342
57339
53688
87204
63231
40429
39752
31267
55345
80787
35823
61033
27285
59299
50992
47898
25235
89065
28534
7648
43364
52986
27008
70628
32627
3127
3218
38145
44827
68417
54089
52669
40268
30463
40449
74160
87310
75433
24862
84936
52981
76911
19389
5528
34323
56789
60066
78336
2088
5746
49422
68743
88690
47597
78863
3888
81761
53267
52312
76195
58329
64647
5149
8431
72349
62733
65659
4830
43185
50820
27380
86333
28143
8544
71925
21633
64690
56958
16422
62820
29222
14829
43416
9096
35080
38660
33976
40086
36237
11840
80922
7139
35616
9605
90255
97721
60110
98704
30508
23439
67352
47120
96149
79482
81003
89944
52095
75754
6484
73380
54876
32564
28311
18344
67736
54248
33178
40238
44546
49975
98177
8361
50097
32318
29549
49382
28051
55588
19746
2889
63412
84051
26168
61557
71943
31578
61308
30195
76943
90566
11309
88235
81668
5514
85513
70447
33414
78592
65100
39928
59329
15747
28906
64375
24112
31294
48592
34262
45647
49385
90920
40233
28172
39481
47507
12150
23928
2128
7537
25770
65660
2499
40251
82088
79400
99850
64710
17956
29078
52300
26462
99072
69510
885
36479
83602
64714
82566
8813
61487
86126
93540
1749
59068
41588
1859
37560
44508
5956
58059
85034
46284
86183
16166
43398
25368
82227
96217
73769
35396
90636
16473
3543
65921
5214
70531
51845
7739
57660
83826
1912
42929
48031
46250
666
55454
81678
36307
74245
58460
59132
39795
33691
31961
70919
96925
19604
34932
67103
38028
71952
74683
82149
74569
73994
93570
38556
86638
1246
93791
53564
61989
37878
429
57295
3874
24193
77376
67780
58801
48367
95551
10738
56346
43164
60718
55556
72686
6707
25117
49562
79192
75770
32211
36082
46076
56584
69057
25810
69104
98413
78070
92087
71027
14318
18054
1428
89971
44541
69166
24063
33866
34837
63338
25955
92263
58596
17292
25124
6305
87532
85512
29184
61358
83733
74559
81323
69270
63136
93524
53397
83719
84085
27602
92166
71723
80672
47486
28411
55062
24428
64464
26972
37020
57022
74339
49079
91573
4335
3758
93372
97449
77311
2701
23885
37446
13979
13312
33623
89628
751
92688
36528
26775
93738
5383
82103
92393
30645
44515
23316
70611
76011
69748
60652
38951
33460
8308
88307
31930
57808
85998
29106
56478
63130
84861
34177
24204
19167
34172
91663
72204
77796
32209
79283
55770
19069
13885
38727
43915
76326
4020
78355
93910
31148
17440
96703
20600
49164
60045
18672
78894
37266
72108
51904
43363
22689
76245
78401
4903
86043
59098
47601
20261
84483
67255
9238
36738
19159
83711
84305
46389
95948
13694
29024
35642
32270
42201
18308
96747
1778
4556
91501
10283
12875
30030
79863
5716
91683
71131
15244
17220
85641
75140
30025
64272
50193
81199
46790
7934
90596
63155
52115
92664
52517
4156
33355
37645
77877
16563
45774
35367
32986
41399
99595
7653
85170
76596
96910
66069
85355
3546
52313
63735
94205
75383
43561
23104
95475
8514
80509
22430
73642
54350
90261
64838
72969
19014
70526
39887
34619
9754
89425
10702
38655
6044
41648
2711
78988
23570
5873
97513
1055
39309
15821
14907
62480
35560
15982
5170
56633
44800
13985
97853
9460
35938
19797
53601
85531
68451
63648
21295
66828
92904
86344
55896
58583
96342
74736
98474
47970
10240
13552
59010
82462
81707
34470
12017
88351
86231
26140
63177
49313
93233
15470
12410
55844
1523
24875
46246
13663
35752
61011
71290
45118
89025
17421
68608
22363
36896
29585
7817
11127
26103
84431
78593
7762
77304
19785
7600
22556
54080
44345
62210
57304
47739
43295
64573
23515
19327
79147
87779
21364
77508
27938
90320
54245
58046
41075
60910
91793
44980
62841
81568
20630
65752
36347
99512
25427
81893
86095
48178
18351
47816
85302
73051
2674
66106
56451
89335
88196
38142
93687
96737
32286
378
22695
81414
92072
622
12552
27691
77502
62691
35575
55133
88522
35348
99939
20626
24743
86002
76831
41447
6754
9165
89945
46098
97626
81895
76097
10987
35317
22368
33932
88306
98864
47556
83965
31761
76515
37166
15178
15123
48554
20247
12854
25542
59128
74252
4393
65763
76505
58706
70324
54188
4568
26509
95050
24791
45818
21755
17249
77053
21512
10546
65732
93895
80854
34373
39472
39595
19707
30737
63056
22821
56912
50837
83172
98847
84703
10271
91293
40516
86510
46253
28640
45944
5472
86971
56052
28362
7298
81263
53786
17505
58601
30467
89921
93139
56472
6565
34741
28585
63321
83263
33272
52407
19540
50721
25872
17425
28205
13037
63839
91432
26579
56311
52823
24682
41590
31763
75451
16458
46157
3431
3968
67411
70905
33127
9958
92512
2745
36027
33493
54164
8863
80243
73993
93504
72732
11625
94811
33188
98684
80069
35103
58714
44405
54119
90916
38422
61456
63190
25398
59836
29626
88703
51314
67954
80786
87194
43694
27895
65592
17529
80849
99432
41275
34863
25465
64821
99771
45519
99757
2612
27374
74494
69562
5614
29766
77273
77454
22557
65607
62542
5375
11778
62687
89279
59407
22418
27815
34751
53254
7839
3148
79984
95992
11941
92934
54050
48544
95589
59034
54483
15953
40013
11972
59018
37535
80384
17335
75342
40231
42551
22791
67313
6786
75373
45360
3831
38509
45792
38657
37569
82482
53622
99099
87659
56408
74031
32172
18619
8608
46614
12159
232
17269
36424
54884
78646
99662
58330
66510
53568
61267
43722
76187
58755
96894
22115
77315
64135
98737
24941
29730
84533
52130
48162
92694
88600
42209
47449
6580
4586
44130
53613
67962
55649
47006
96729
29927
90793
85653
54116
99975
63409
37735
81102
68429
94481
5440
26813
33013
56097
81097
42110
29311
16052
21337
22607
45319
31450
78023
4789
23315
30607
26652
35308
77982
33209
20827
1762
37764
10067
11355
48452
18714
1160
28793
83894
62667
66993
35978
77617
90221
89937
21565
8587
61913
9668
75857
54618
12826
4630
46564
12135
85447
27367
33778
33587
37104
3281
83156
11119
35055
70774
92626
68616
67992
9500
33849
30960
91537
79220
3515
17740
3204
15552
48335
98799
99554
5346
59467
73147
5237
1473
73508
15482
79010
97766
94026
70264
460
31223
5845
15936
25528
43277
67200
63786
82451
30360
38997
74709
38398
38112
91134
1898
12317
49736
29103
65563
56576
54382
67442
41222
36545
27804
76601
37597
91917
50157
54673
86497
58961
28190
1151
4783
53447
52426
14306
23594
67859
98752
59388
8932
4323
97009
89395
7587
98964
26405
56592
1130
43095
78069
61188
9715
39572
34187
15266
92646
72651
84091
62690
26674
68317
97503
27751
4465
77936
40304
64949
23137
71270
69547
62096
6115
58362
26084
41281
88229
75845
5437
69552
71997
52875
39318
28054
32807
47207
89109
43114
86443
91651
33089
8917
66145
76848
11215
31477
68435
58370
55081
16184
83567
60962
64597
68991
6059
28853
90376
12517
6768
26249
7223
24936
51252
42905
95850
67279
25165
44976
56466
18260
40698
29040
68023
40341
94476
77239
27259
520
71234
51359
84923
3666
92200
73525
73078
83931
16490
49497
57722
85770
77838
87526
49797
55423
32989
93565
69976
73656
54485
16761
43035
18028
18095
13077
26205
98141
78788
30776
33496
2260
74099
37757
83707
11100
61255
96878
65719
29187
56735
24258
14242
84204
77817
29610
23817
39660
89589
71207
98452
63320
76165
90593
25050
73569
96783
83613
38567
46182
98073
33709
42738
14726
20231
78524
17574
80886
90444
64170
77922
11909
61686
34019
68601
13892
99434
78720
73909
98741
76309
1890
86751
58003
56559
65605
96566
94567
40892
81955
24646
94394
66349
84915
35751
49275
95781
14711
1589
65601
88931
99460
84148
8098
75635
14291
60906
25436
12023
96241
61128
19485
64206
2952
60711
20467
36764
26698
30347
86101
96860
87865
609
56628
35160
65746
45914
88070
73878
18644
10608
73697
18759
15916
18707
65686
9268
68178
36982
52110
31611
83042
15333
32588
54090
10658
45621
81949
78120
21369
82242
61342
9413
2880
5226
72053
29855
30361
72898
81587
25208
8418
66931
33328
19715
94623
80488
3498
77249
84752
39044
56783
68182
33644
63589
44362
12042
4545
33270
7676
11872
97011
96644
80009
77374
30692
19418
72196
8616
32205
25356
14068
87256
5744
93244
59996
37660
91411
68216
48075
54704
43591
49228
63810
72476
65249
36117
79932
30107
95256
37902
56335
96640
6802
49812
21726
70404
30450
38420
17359
2011
91401
43142
37169
19496
31498
94003
37204
19720
46318
67727
68650
77551
26750
32809
28347
1327
23703
98671
60576
79758
55318
76881
8399
25520
2016
15285
73685
22390
32406
34488
54444
93055
13061
38237
72264
91121
49345
87069
71582
43249
20716
96815
22353
41643
38026
70318
92219
97306
29946
12365
8250
18145
83179
18225
91721
52904
85055
63709
78688
87984
85128
16352
67678
45361
7196
8084
41337
92487
73041
56339
15712
71738
59356
46626
57696
86145
82665
32073
10105
52817
44864
27241
98593
44352
58897
50585
84830
35386
49961
79384
1715
23442
1962
83659
82078
53826
36806
73940
50736
94364
55625
45458
99371
40532
9336
35965
83361
59762
57185
82031
24430
23272
70764
43211
69217
87560
86644
12906
29956
94860
10063
40344
35686
32622
37919
87165
14673
4185
44120
29467
53912
30517
42260
29387
61562
37063
84283
78728
43928
72333
2516
75022
680
31156
61749
37817
45942
9056
72368
16711
11469
65227
28312
38072
16820
67893
82976
69664
87390
11029
443
95793
36229
36198
18917
63446
68884
64616
71917
94424
35126
5683
42955
90389
42699
76934
56827
94037
35581
13454
31543
73267
21886
44383
1666
93534
14152
24715
98486
68695
92170
39580
88528
53206
90876
59660
57840
72532
16796
58404
29778
83376
75185
78302
42946
59654
32937
32152
60525
85709
29500
53686
8254
49588
39374
46596
80600
40616
37217
79583
23777
56596
17755
74279
74869
34125
46773
4538
28334
41333
79404
38227
31959
47953
14918
4480
98230
55077
48668
37679
40062
17098
76713
61520
60861
34041
10595
86705
89073
58504
73017
76186
75679
74718
53432
45303
47659
30093
4745
74427
76978
12616
75218
36274
43756
6138
479
9718
37419
14303
89643
33575
83122
21713
71850
52207
63397
9920
93024
41875
42212
90819
14935
49558
19438
91366
15478
72493
24245
16350
73902
60468
51417
26468
81676
69278
73458
77741
93586
14682
21497
1686
24390
53044
18302
87628
44969
31354
60154
86642
24806
56299
58499
92208
28498
23612
8860
64655
91835
5250
59796
98778
9626
20371
34068
93803
29454
25763
92997
20917
62661
32600
50710
2014
64156
21815
77949
76716
71043
34812
69701
16248
9331
14156
71679
99636
14486
200
37917
98425
19415
89739
58191
16622
56330
67355
13435
29328
19873
96557
55277
5567
11266
14494
69353
68018
49168
18612
80741
65855
63372
2453
76365
58453
55276
34662
50146
95905
14330
53052
12021
88664
25521
6269
21048
8504
97234
76376
19548
27643
20547
59327
27464
8676
3234
70440
87114
18005
59601
17856
79438
35320
17904
96536
81442
48782
12554
71319
64567
79724
76563
76835
56952
26097
12495
13564
40494
40343
89418
75035
80355
58126
19587
19931
4178
83168
97854
74723
31988
33608
73489
62453
94098
10451
66286
49138
75437
86855
63047
27917
74911
64129
40774
37579
71541
72505
43571
79271
71054
50666
20125
91120
16541
99399
34951
58436
70248
91068
80323
47212
70323
13554
32178
47092
95719
3246
52373
45366
5299
32721
80104
22458
78805
27906
21034
49154
95142
11442
56973
29576
12161
39898
34411
7579
31116
20855
83362
30755
91169
7000
46685
61194
13136
43617
93889
68954
61401
63859
84182
90934
69935
40373
7705
82334
35935
38755
64849
61591
35730
70221
3335
52183
69731
20695
52023
18286
62492
65209
72787
92665
41560
84433
75319
73540
46771
29566
2785
86801
11686
42229
98829
9763
3547
67785
34871
62659
10092
87052
70424
72611
13490
93365
3319
27022
78907
71347
50483
98011
64677
36502
64368
49518
67915
69138
22052
24280
98245
91761
62451
74858
73
77281
94627
87233
8357
41737
7966
8605
27789
89938
58444
11896
68689
69155
58459
12502
37491
55763
36297
15191
99873
82398
77161
23199
51516
74732
56515
2446
18681
38482
99994
75290
18017
44713
79272
1521
95243
74166
75598
84729
59087
44438
1493
88555
46747
31926
7024
74451
21334
8926
42011
97160
15891
19314
13911
86304
46766
39046
56571
10384
38834
51450
54582
14000
30319
31041
58009
29987
11168
72058
63646
50673
54655
41685
48496
95670
94920
91364
58939
93632
78768
94820
86532
61555
25397
64367
58011
65459
46325
55195
44429
97845
23579
34892
9161
33307
18451
1406
28291
98791
72673
62546
96877
45250
46848
56086
34369
89083
96257
59962
64083
91962
62069
73222
97097
72136
48070
6052
73079
30459
4952
44872
90553
2380
94918
139
23760
65157
20005
37686
80560
92370
72127
94933
76087
83785
48760
77100
57261
32611
37968
17123
64595
43367
48640
53682
31652
78198
20262
409
51361
82597
90786
14855
29196
70761
87354
88705
92377
55868
38543
66468
25715
42197
48985
1014
81384
8786
30175
46238
15400
63536
31414
64723
47187
32576
27910
65945
16823
58912
66064
35419
38549
45585
71366
70283
34891
4832
83885
675
66575
57946
60903
35519
19408
40899
45173
3483
48489
86178
56175
17775
39240
27929
23190
31660
11603
98979
57504
6004
33301
23521
36978
793
72222
97874
58280
96191
32934
43439
41000
58127
66495
46545
81850
97517
89762
63473
60948
2153
43563
51558
55364
19726
91509
5982
61751
64519
57804
20420
6644
51141
41722
88588
60099
13240
81284
57650
11253
59597
64512
93851
8979
5949
18941
23938
92078
26480
78523
41893
57949
29174
4243
58145
44094
29897
18871
90760
54071
83712
95024
55455
25750
76285
26770
65181
65118
66777
26742
85934
70772
59507
51601
96069
10167
36914
27761
10405
86813
52962
65682
7019
12374
90128
31252
55689
24503
98263
13045
91887
63667
25007
86569
79227
44456
68595
5434
8487
1371
11694
83953
61174
1631
24356
13331
97983
81873
24017
13005
97990
59275
92956
23194
5103
74209
80322
50072
42321
38090
97064
55029
86202
81144
27342
27843
73882
69551
1183
81240
10188
40677
92659
38022
36120
18378
66229
39871
10245
97633
3444
9943
17966
97015
82515
20560
48267
95352
57681
71815
25589
3945
85295
70458
87482
7724
89632
39163
90758
19251
72899
81067
27877
55341
93471
96369
7905
82662
46628
38383
6064
13842
27366
35615
26835
5074
70078
54749
20208
38407
13022
60954
84860
67639
35721
89510
88104
11886
3706
55848
98444
64823
4503
29523
23816
62386
1366
10776
99793
50603
55063
10672
43721
26564
52364
37343
73929
8803
88072
45112
37911
16414
90723
880
74875
67439
11131
9356
40519
95707
56790
361
76099
7969
5258
48399
6394
50530
87230
8398
2716
93992
92065
62811
58705
83151
45507
